0
4370 0
4360 5660 0
-1 6480 -1 0
-1 10390 5790 -1 0
-1 -1 -1 -1 7020 0
-1 6310 -1 3060 9520 -1 0
-1 -1 -1 -1 3570 4680 -1 0
-1 -1 -1 -1 -1 11070 -1 -1 0
-1 -1 -1 -1 -1 -1 6500 6160 -1 0
-1 -1 -1 -1 -1 -1 -1 -1 11850 4650 0
-1 -1 -1 -1 -1 -1 -1 -1 5470 -1 -1 0
-1 -1 -1 -1 -1 -1 -1 -1 -1 6950 -1 -1 0
-1 -1 -1 -1 -1 -1 -1 -1 6910 -1 5160 4150 -1 0
-1 -1 -1 -1 -1 -1 -1 -1 -1 -1 -1 4270 -1 6570 0
-1 -1 -1 -1 -1 -1 -1 -1 -1 -1 -1 -1 5280 -1 -1 0
-1 -1 -1 -1 -1 -1 -1 -1 -1 -1 -1 -1 -1 8830 9460 1780 0
-1 -1 -1 -1 -1 -1 -1 -1 -1 -1 -1 -1 -1 -1 -1 9040 4710 0